12516.9606649616
12449.1110872743
12365.3996961444
12268.6667701989
12161.6972903825
12047.1735961015
11927.6412118586
11805.4869862835
11682.9282152704
11562.0111829307
11480.8747464139
11400.8691246126
11321.9708405426
11244.1570626316
11167.4055826912
11091.6947947856
11017.0036749535
10943.3117617446
10870.5991375315
10798.8464105617
10793.4249351517
10788.0089006278
10782.5982988036
10777.1931215091
10771.7933605906
10766.3990079108
10761.0100553486
10755.6264947993
10750.2483181743
10744.8755174012
10722.1809087765
10699.5819661664
10677.0780859427
10654.6686695448
10632.3531234269
10610.130859005
10588.001292606
10565.9638454157
10544.0179434291
10522.1630174001
10369.7418506303
10221.6734926779
10077.7741087214
9937.87007223858
9801.79726612847
9669.40044047334
9540.53262165693
9415.05456811068
9292.83426845086
9173.74647820407
9216.60235824202
9259.86052684844
9303.52667516489
9347.60660219095
9392.10621735162
9437.03154313826
9482.38871782575
9528.18399826839
9574.42376277717
9621.11451408131
9660.87962104123
9700.97479919767
9741.4041753233
9782.17194527294
9823.28237543522
9864.7398042209
9906.54864358915
9948.7133806127
9991.23857908324
10034.128881158
10021.5804204824
10009.063306263
9996.57742118947
9984.12264853645
9971.69887215936
9959.30597649104
9946.94384653815
9934.61236787757
9922.31142665289
9910.04090957093
9855.4231235562
9801.40407406428
9747.97396947099
9695.12323050173
9642.84248450606
9591.12255991646
9539.95448088455
9489.32946208799
9439.23890370191
9389.67438652884
9465.90353703529
9543.38053583841
9622.13627614717
9702.20267942791
9783.61273854427
9866.40056308743
9950.60142702742
10036.2518188254
10123.3894941566
10212.0535314035
10183.2182315074
10154.5453148836
10126.0334137143
10097.6811755012
10069.4872628508
10041.4503532651
10013.5691389341
9985.84232653285
9958.26863702125
9930.84680544745
9901.16264332768
9871.6554094226
9842.32352659928
9813.16543641391
9784.17959883585
9755.36449197646
9726.71861182272
9698.24047197557
9669.92860339282
9641.7815541365