2368.58498364492
4737.16996728984
7105.75495093476
9474.33993457968
11842.9249182246
14211.5099018695
16580.0948855144
18948.6798691594
21317.2648528043
23685.8498364492
26054.4348200941
28423.019803739
30791.604787384
33160.1897710289
35528.7747546738
37897.3597383187
40265.9447219636
42634.5297056086
45003.1146892535
47371.6996728984
49740.2846565433
52108.8696401883
54477.4546238332
56846.0396074781
59214.624591123
61583.2095747679
63951.7945584129
66320.3795420578
68688.9645257027
71057.5495093476
73426.1344929925
75794.7194766375
78163.3044602824
80531.8894439273
82900.4744275722
85269.0594112171
87637.6443948621
90006.229378507
92374.8143621519
94743.3993457968
97111.9843294418
99480.5693130867
101849.154296732
104217.739280377
106586.324264021
108954.909247666
111323.494231311
113692.079214956
116060.664198601
118429.249182246
120797.834165891
123166.419149536
125535.004133181
127903.589116826
130272.174100471
132640.759084116
135009.34406776
137377.929051405
139746.51403505
142115.099018695
144483.68400234
146852.268985985
149220.85396963
151589.438953275
153958.02393692
156326.608920565
158695.19390421
161063.778887855
163432.3638715
165800.948855144
168169.533838789
170538.118822434
172906.703806079
175275.288789724
177643.873773369
180012.458757014
182381.043740659
184749.628724304
187118.213707949
189486.798691594
191855.383675239
194223.968658884
196592.553642528
198961.138626173
201329.723609818
203698.308593463
206066.893577108
208435.478560753
210804.063544398
213172.648528043
215541.233511688
217909.818495333
220278.403478978
222646.988462623
225015.573446267
225015.573446267
225015.573446267
225015.573446267
225015.573446267
225015.573446267
225015.573446267
225015.573446267
225015.573446267
225015.573446267
225015.573446267
225015.573446267
225015.573446267
225015.573446267
225015.573446267
225015.573446267
225015.573446267
225015.573446267
225015.573446267
225015.573446267
225015.573446267
225015.573446267
225015.573446267
225015.573446267
225015.573446267
225015.573446267